	X1		X2
  -3.8693015e+00  -1.6527196e-01
   1.0871334e+00  -4.1044014e-01
  -7.3979611e-01   2.0457035e+00
  -1.5894962e+00   9.6843706e-02
   7.7254851e-01   1.7825376e+00
   9.9749113e-01   2.2458777e+00
   6.6250183e-01   2.7112030e+00
  -3.6458435e+00   8.0924622e-01
  -1.7363196e+00  -2.2636024e+00
   2.0628088e+00  -7.1617197e+00
  -5.0363349e+00  -1.3191938e+00
   5.1925310e+00  -9.4901726e-01
  -1.4145490e-01   1.8529081e+00
  -9.8851352e-02   4.6019547e-01
  -1.5102258e+00   1.5775688e+00
   2.0625817e+00  -4.2968166e+00
  -4.2284012e+00  -2.3589070e+00
   1.5979364e+00  -3.0903751e+00
  -3.6610019e+00   3.1602669e+00
  -6.3472631e-01   2.1605706e+00
   4.4600234e+00  -1.5686289e+00
   3.6371720e+00  -2.8685783e+00
  -3.1284269e-01  -1.4857258e+00
   1.6488609e+00  -1.1406018e+00
   1.1948794e+00  -7.0637366e+00
  -1.3460528e+00  -5.9300088e+00
  -2.0368340e+00   1.7334048e+00
   1.3219756e+00   2.3027392e+00
   5.3171139e-01   1.9066271e+00
   3.2726622e-01  -1.3016754e+00
  -3.5535148e-01   1.3731391e+00
  -2.5850844e+00   3.1327390e-02
   1.3438495e+00   6.9090015e-01
   2.2246317e+00   9.5304413e-01
   3.3650438e+00   9.9140831e-01
  -3.3262021e+00  -8.3695590e-02
   8.0109193e-01  -4.0412545e+00
   5.3036725e+00  -4.8619106e+00
   7.0266800e-01   1.8722440e+00
   2.7954386e+00  -4.4716261e+00
   4.0721862e+00  -1.5492943e+00
   6.4041024e+00  -3.1686410e-01
   1.3105712e-01   1.8301249e+00
   1.7092887e+00  -1.8121729e+00
  -2.7779768e+00   1.3380088e+00
  -3.9225022e+00  -1.1351485e+00
   2.0455076e+00  -1.6930999e-01
  -5.6725231e-01   2.9408717e+00
  -1.5470237e+00   2.3115691e+00
  -9.5926591e-01   2.1958084e+00
  -2.7860614e+00   2.5379349e+00
   2.1091041e+00  -2.9752993e+00
   4.3446014e-01   2.0968455e+00
   6.6355178e-02   2.3859606e+00
  -2.7040979e+00  -1.3111032e+00
   3.0528547e-01   3.1791608e+00
   1.3039230e+00  -2.1513399e-01
  -3.3558331e-01   3.2285789e+00
   5.8656598e-01  -5.2512685e+00
   1.3515794e+00  -5.0385782e+00
   2.3560826e+00   1.1128379e+00
  -4.7095416e+00  -5.9161395e-01
   3.1213946e+00  -2.5564884e+00
  -3.5657474e+00  -9.2660936e-01
  -3.1532311e-01   1.0846269e+00
   2.7920493e+00  -1.6200957e+00
   3.1082891e+00   4.5894521e+00
   2.1225168e+00  -3.0173289e+00
   6.9884612e-01  -2.8918587e+00
   2.2871448e+00  -2.5002795e+00
   1.4808846e+00  -3.3346539e+00
  -1.9387255e+00   1.3176511e+00
   1.2107199e+00   2.3318860e+00
   1.1790991e+00  -4.4585101e+00
  -3.8511898e+00  -8.4537143e-01
   1.0209613e+00   7.9662705e-01
   3.1070793e+00  -1.7891873e+00
  -2.5117606e+00  -8.0957549e-01
   1.6754001e+00  -3.0546135e+00
   1.8007603e+00   1.1615648e+00
   3.4564950e+00  -1.3277322e-01
   3.0585766e+00   7.9956835e-01
   3.0592416e-01  -5.1366848e+00
  -2.4907203e+00  -1.2042696e+00
   1.0081853e+00   7.3874020e-01
   2.7625374e-01  -1.8418318e+00
  -2.5331725e+00  -2.8965779e-01
   9.2220508e-01  -5.7773915e+00
   1.2636999e-01  -1.2878030e-01
   1.9772676e+00  -5.5592167e+00
   9.1135309e-01   2.0050309e+00
   3.9492382e+00  -3.6882958e+00
  -1.4481350e+00  -1.7980328e+00
   3.2055940e+00  -2.4504166e+00
  -2.4250347e+00  -5.8439969e-01
  -1.8306292e+00   5.7580119e-01
   2.2030303e+00  -2.5927700e+00
   2.1664029e-01  -3.8697427e+00
  -1.1708696e+00   1.7335515e+00
  -2.6047784e-01  -4.5380580e+00
  -2.6945323e+00  -5.4176703e-02
   3.1721231e+00  -3.4573542e+00
   2.4124486e-01  -3.2813104e+00
  -3.2716085e+00  -3.3787106e+00
   2.2044381e+00   4.2245149e+00
   3.7109791e+00  -4.7609900e+00
  -7.9870235e-01   2.0817554e+00
   1.1690256e+00   2.8065139e-01
  -4.4550610e-01  -4.5707596e+00
  -1.6991980e-01  -5.0518571e+00
  -3.2379725e-01   1.9005085e+00
   1.2101668e+00   2.0990289e+00
   1.1882781e+00  -3.1766715e+00
   3.7509018e+00  -3.0085589e+00
  -1.8409717e+00   2.0927666e+00
   5.8388408e-01  -2.3821495e+00
   7.7760146e-02   3.9108950e-01
  -1.4798272e+00  -1.2614353e+00
   3.3249855e+00  -2.6133412e+00
  -1.0452005e-01   1.7119457e+00
  -3.1078585e+00   2.4909987e+00
   1.2218965e+00   2.3722283e+00
   9.1263154e-01   2.2410437e+00
  -1.6885078e+00   2.0508393e+00
   1.2145512e+00  -2.1912641e+00
   1.5409736e+00   1.1510686e-01
  -1.1129133e-02  -7.3121739e-01
   1.5818146e+00  -3.3855223e+00
  -4.9350495e-02   1.6904867e+00
  -1.0080348e+00   2.2940398e+00
   1.7091337e+00  -3.4149792e+00
   1.9139276e+00   4.8982116e-01
   1.6825574e+00  -3.1867707e+00
   3.7038646e+00   3.1986278e+00
   1.9024612e-01  -2.3356162e+00
   3.9522314e+00   2.2595944e+00
   2.5498677e+00  -3.2548418e+00
  -1.3631464e+00   1.2196237e-01
   1.3669796e+00   1.8937670e+00
   1.6741310e+00  -2.0226494e+00
   9.7445421e-01  -2.0280220e+00
   8.8972529e-01   3.1305159e+00
   2.5820415e+00   1.8530447e+00
  -2.1388962e-01   2.3453913e+00
   1.5540675e+00   1.4049344e+00
  -4.9587739e-01   2.1824893e+00
  -1.6702911e+00   2.0244336e+00
   1.4043542e+00  -3.8733610e+00
   2.6308558e+00  -1.8650244e+00
   2.2820966e+00  -1.5719812e-01
   5.8268576e-01   2.0390815e+00
   2.0920791e+00  -2.6656104e+00
   1.5354991e+00  -3.9631322e+00
  -1.9061318e+00   2.7371150e+00
   1.9593123e+00   9.8637230e-01
   1.8429204e+00  -5.1869039e+00
   9.9060396e-01   2.1466308e+00
   6.0055103e-01  -2.0187612e+00
   2.7205703e+00   7.6315630e-01
   9.6644780e-01   4.4174991e-01
   4.5565593e-01   2.5964048e+00
  -3.9183289e+00  -2.7296157e+00
   5.1464558e+00  -1.6920253e+00
   2.0361628e+00  -1.1165676e+00
   2.4655055e-01   2.4407273e+00
  -1.0377781e+00   2.4708313e+00
   3.2200191e-01   7.6461725e-01
  -1.2523282e+00  -8.4175425e-01
   2.0032490e+00  -2.3404620e+00
   7.6761707e-01  -4.0283621e+00
  -3.4838060e+00  -6.5114755e-01
   1.4963819e+00  -4.9201122e+00
   1.8590024e+00  -7.2751796e-01
  -2.8595863e+00  -1.5596717e+00
   4.4836779e+00   5.8118981e-01
   8.4651531e-01  -4.7070255e+00
   8.8380592e-01  -2.6816152e+00
   1.6932874e+00   1.5110921e+00
  -2.0313603e+00   2.7222125e+00
  -2.4058801e+00   5.5454699e-01
   3.0999907e+00  -1.0842331e+00
  -2.2197608e+00   2.9628074e+00
   3.2867640e+00  -3.2970740e+00
   1.6213531e+00   2.1985730e+00
   6.4253852e-01   2.9718035e+00
   1.2820036e+00  -1.2321969e+00
   2.0107092e-01   2.9907615e+00
   6.8330841e-01  -9.1118506e-01
   1.6177471e+00  -1.2039462e+00
   2.5556231e+00   3.2181837e-01
  -1.1319724e+00   3.3418958e+00
  -1.6361548e+00   3.5675597e+00
   4.4261706e+00   8.8810440e-01
   5.0599266e+00  -1.4912832e+00
   2.3589215e+00   7.9061115e-01
   1.1518005e+00  -2.2898334e+00
   1.2840387e+00   1.2723498e-01
  -4.5089779e-01   1.1427526e+00
   2.4917493e+00  -1.1410375e+00
   3.7232609e+00   6.0638928e-01
   5.3963564e-01  -1.1091686e+00
   1.1114663e+00  -3.6377060e+00
   4.0336779e+00  -1.0488216e+00
   9.6485899e-01  -3.3278195e+00
  -3.6674477e+00  -5.2835987e-01
  -4.3844746e+00  -1.3546044e+00
   3.0535288e+00  -3.2855734e+00
  -1.6864183e-01  -1.4617997e+00
   3.0005306e+00  -5.6418711e+00
   9.6312526e-01  -2.1420719e+00
  -2.9717239e+00  -1.8875864e-01
   4.2767272e+00   1.7663275e-01
  -1.9334530e+00   1.4482989e+00
   7.8673349e-01   2.6958424e+00
  -9.9847449e-01   1.4068327e+00
   1.4016601e+00  -2.6175808e+00
   1.6252964e+00   2.6480035e+00
   1.9172807e+00  -5.4347011e+00
   5.1378038e+00  -1.9042952e+00
   1.9511899e+00   2.7019575e+00
  -2.5276572e-02   1.9793064e+00
  -2.3386894e+00  -2.3039365e+00
   3.7902467e-01   1.7465796e+00
   1.3589335e+00   2.6171599e-01
  -1.9259728e+00  -7.6654193e-01
   4.7145138e-01  -8.2602055e-01
   2.6016659e+00  -1.2735429e+00
   2.5684597e+00  -4.0059925e+00
   3.6296754e-01  -3.9094837e+00
   1.7831577e+00  -2.0959527e+00
  -3.2558499e+00  -3.2608914e+00
   3.1363292e+00   2.3422212e+00
   3.1919726e+00  -3.7896628e+00
   4.7577577e-02   1.6836273e+00
  -1.5942161e+00  -8.2489390e-01
   2.6510264e+00  -1.2343237e+00
   5.4924868e-01   1.7699515e+00
   2.6957110e+00  -2.0018416e+00
  -3.0473687e+00  -2.4298109e+00
   2.9705084e+00  -5.5962426e+00
  -2.5266034e+00  -6.0320491e-01
   3.2290316e+00   2.0672816e+00
   2.1824809e+00  -3.1495440e+00
   9.7453254e-01   2.9939028e+00
   3.5952130e+00  -5.6565779e-01
   3.9641138e-01  -7.9478658e-01
  -1.2425319e+00   2.6845106e+00
  -2.8060674e+00  -5.2365192e-01
   1.7132625e+00  -1.6666086e+00
   1.1391656e+00  -1.1958101e+00
   1.5135269e+00   1.4191037e+00
   1.8283576e+00  -3.6722359e+00
  -4.8763944e+00  -9.4807087e-01
   1.9894001e+00  -3.2347524e+00
   2.9168207e+00  -1.0717473e+00
   1.9912224e+00  -2.6497720e+00
   2.3278094e+00  -8.8613414e-01
   2.6748370e+00   1.0357232e+00
   2.3321769e-01   7.2689224e-01
   1.7601841e+00  -4.2479190e+00
   1.6983866e-01   8.1306891e-01
   1.2789124e+00  -2.3801359e+00
   1.1004406e+00   2.2880270e+00
   1.1869175e+00  -1.4722780e+00
   2.1293835e+00   3.6850266e-01
  -4.0798826e+00  -5.3963482e-01
   2.4481837e+00  -1.8717938e+00
  -1.2333564e+00  -4.9626790e-01
  -2.5098412e+00  -1.2596132e-01
  -2.4175533e+00  -8.5233707e-01
  -3.5503930e+00  -1.1609345e+00
  -2.8727555e+00  -1.3398593e+00
   2.0001945e+00  -1.8987891e+00
  -2.4610811e+00  -3.9745895e-01
   1.1261881e+00  -3.5703644e+00
   2.6982100e+00  -3.0029906e+00
  -1.9587998e+00   3.2719222e+00
  -2.8371040e+00  -8.1182776e-01
  -3.6616703e+00  -2.0018940e+00
   2.8083528e-01  -3.5526454e+00
  -2.1628353e+00  -4.9583719e+00
   1.9300866e+00  -7.7542579e+00
   2.9407003e+00  -3.7423404e+00
  -1.4012363e+00   2.5369828e+00
   5.3516382e-01   1.7703812e+00
  -6.9729463e-01  -4.2786418e+00
  -9.8148857e-03   6.0106330e-01
   1.4962083e+00  -5.8679635e+00
   2.6867977e+00  -3.8677750e+00
  -1.0083862e-01  -1.1021623e+00
  -1.9312263e-01   6.8978158e-01
   1.8315212e+00  -2.8921246e+00
   3.1819354e+00  -4.7112727e+00
  -3.3093535e+00  -8.2549843e-01
  -4.9701502e+00  -5.0138742e-02
  -1.8376643e+00   2.9529161e+00
  -4.7414019e-01  -1.9461029e+00
  -1.3908159e+00   1.8791145e+00
   2.8369720e+00  -7.0210272e-01
  -1.4232871e+00   1.7933830e+00
   8.0662693e-01  -1.1788247e+00
   2.4867994e+00  -2.7680517e+00
   1.6829504e+00  -2.1377529e+00
   3.1117411e+00  -9.2779212e-01
   2.2413068e+00   3.4072236e+00
  -3.9090799e-01  -6.4168611e-02
  -5.4193334e+00   1.8230959e-02
   6.8388747e-01   3.2946671e+00
   8.5328430e-01  -2.7277058e+00
  -2.3805116e+00  -1.0010455e+00
   2.1316234e+00  -4.1703592e-01
  -8.5924378e-01   1.8012136e-01
   1.3571096e+00   2.0502449e+00
  -7.7211265e-01   2.8655427e+00
   3.7533577e-01   3.3493920e+00
  -3.4601304e+00  -1.8332510e+00
   6.9026926e-01  -6.9274276e-01
   4.7669459e-01   2.0369239e+00
   5.3167518e-01   1.7745708e+00
   1.9272392e+00  -3.3966226e+00
  -2.6199188e+00  -1.6287533e+00
   2.5473627e-01   2.4588789e+00
  -1.4838903e+00   2.4979752e+00
   1.5187276e+00   1.9331334e+00
   2.5587007e+00  -2.0807708e+00
  -3.2984182e+00   1.0488659e-01
   1.9808952e+00   2.2986644e+00
   2.0932052e+00  -1.4209646e+00
   2.8229980e+00  -1.0584719e+00
   1.6249173e+00  -3.8259453e-01
   1.1040896e-01   3.1219083e+00
   6.1235178e+00  -2.8639932e+00
  -1.5713142e+00   2.7705321e+00
   2.1214787e+00  -2.3081443e+00
   1.9737942e+00   1.5281345e-01
   1.3149808e+00   1.5958404e+00
  -2.6780673e+00  -2.2529759e+00
   3.3366676e+00  -5.1587758e-01
   2.3441519e+00   3.9945566e-02
   1.4915179e+00   1.4366199e+00
   1.9510016e+00  -4.0154954e+00
  -5.8004049e-01  -4.1621164e+00
   1.4561159e+00  -1.1357717e+00
   2.9828189e-01  -4.8956743e-01
  -1.9896963e+00  -1.2395550e-01
   1.8156778e+00  -1.4942808e+00
   5.9649958e-01  -8.8399261e-01
   2.0529447e+00  -3.1793589e+00
  -3.5519110e-01  -3.5328740e+00
  -6.9358909e-01   1.5352973e+00
   2.2815427e+00  -1.9890168e+00
   1.3582401e+00  -2.7016913e+00
   1.1263657e+00   2.0794946e+00
   4.5356792e-01   1.7055594e+00
   2.1934503e+00  -1.7535459e+00
  -3.5989873e+00  -1.2023111e+00
   3.5302606e+00  -1.0990979e+00
  -3.7197582e+00  -7.0999102e-01
   1.6884775e+00  -4.4364684e+00
   2.3173892e+00  -2.0467036e+00
  -1.5119088e+00  -1.7425165e+00
   2.5809296e+00   2.4400961e+00
   1.0698793e+00   1.9856001e+00
   5.2778581e+00  -2.9027931e+00
   3.2905413e+00  -4.6922167e+00
   9.4372854e-01  -1.2184285e+00
   1.9926043e+00  -1.9581945e+00
   3.4194654e+00  -3.8005929e+00
   2.9995260e+00   3.1216225e+00
   1.7796139e-01   3.0475479e+00
  -1.5745238e+00  -8.8828097e-01
   1.8148380e+00   1.4075961e+00
   1.3297605e+00   3.3186414e+00
   3.3211614e+00  -2.0445222e+00
  -1.2907397e+00   3.4159007e+00
  -2.6182265e+00  -4.6667448e-01
   1.8054998e+00  -3.1495045e-01
   3.0216828e+00  -3.0615925e+00
   5.5964902e+00  -4.8813966e+00
  -7.6060163e-01   3.7582874e+00
  -3.6511076e+00  -1.4091500e+00
   1.7430607e+00  -3.1243713e+00
   2.1594965e+00  -2.6781449e+00
   3.8614074e-01   9.9212519e-01
  -2.6710714e-01   1.2597875e+00
  -2.8850349e+00   2.3171011e-01
   1.2621821e+00  -5.6535963e-02
  -1.6566370e+00  -1.0463432e+00
   7.6925133e-01   1.6519403e+00
   1.7548963e+00  -3.4311615e+00
  -1.3987346e+00   1.1322440e+00
   1.7982051e+00  -2.5094432e+00
  -1.9596634e+00   1.7454219e+00
   1.4924896e+00   1.5026039e+00
   4.3855417e+00  -1.7398756e-01
   4.1250370e-01  -1.7347091e+00
  -2.8318267e+00  -1.0183294e+00
   3.8678712e+00  -3.1025923e+00
   2.3447460e+00  -4.8782995e+00
   2.4302442e+00   1.5266111e-01
   1.0037736e+00   3.8240273e-02
  -5.0940788e-01  -7.6406601e-02
  -2.4936227e+00   3.1844237e+00
   1.2600000e+00  -9.0163945e-02
  -2.2594440e+00   2.1268081e-01
   5.7258492e-01  -2.2977057e-01
  -1.2928323e+00   1.9683670e+00
  -3.6287554e+00   1.4705362e+00
   2.0185037e+00   2.0061820e+00
  -3.9206893e+00  -5.6181412e-01
   1.3946578e-01   2.5485975e+00
   2.5660400e+00  -3.4667018e-01
   3.9584294e+00  -3.8967281e+00
   2.2728809e+00  -3.0088463e+00
   2.1645157e+00  -1.0069323e+00
  -1.5239934e+00  -1.1499764e+00
   2.3336288e+00   1.2060088e+00
  -3.3893669e+00  -2.2394822e-01
   1.2085874e+00  -8.4676281e-01
   1.5072923e+00  -3.8157998e+00
  -9.4946099e-01   1.2297038e+00
   1.2172035e+00   2.5235318e+00
   4.6804058e-02   3.0784216e+00
  -2.5149295e-01   2.1988213e+00
  -2.6470404e+00  -1.0749625e+00
   6.6621012e-01   3.2151077e+00
  -1.0107179e+00   1.5336368e+00
   2.5681661e+00  -1.9664865e-01
  -2.5194443e+00  -9.3208895e-01
   3.0835359e+00   1.0415825e+00
  -2.4759116e+00  -6.3841258e-01
  -3.6645214e+00  -1.9703157e+00
  -2.2684469e+00  -3.0225542e-01
  -2.0239654e+00  -4.9058003e-01
   1.0811818e+00  -3.1092353e+00
  -2.7714615e+00   5.2083164e-01
   1.1222434e+00  -4.0778157e+00
  -1.4501306e+00   1.8913110e+00
   2.8321656e+00  -3.0342261e+00
  -8.9273119e-01   5.6364396e-01
   1.4902526e+00  -4.1750762e-01
  -5.2435987e-01   1.7095401e+00
  -3.9285091e-01   2.9717839e-01
   7.1229060e-01   3.0782456e+00
   8.3967722e-02  -1.4123452e+00
   1.8136261e+00  -5.0069733e+00
   2.4385217e+00  -2.5579967e+00
   3.6220645e+00  -4.4376512e+00
   4.7316658e-01   1.5569522e+00
  -1.7125110e+00   2.9977637e+00
   3.1152041e+00   2.8896352e+00
   2.6252341e+00   2.0778469e+00
   1.1809996e+00   2.1663080e-01
   3.4319958e+00  -1.7891609e+00
   9.6107797e-01  -2.4898107e+00
   1.7765570e+00  -4.3778700e+00
   1.5747015e+00  -2.8933370e+00
  -4.4552452e+00  -2.7903925e+00
   1.0459711e+00   3.1369643e+00
   7.2269173e-01   9.9168796e-01
   8.6203447e-01   2.7091897e+00
   1.5272550e+00  -5.0046379e+00
  -1.7675284e+00   2.2414726e+00
  -9.8511015e-02   1.3265532e+00
   1.6662191e-01  -6.5774616e-01
  -4.2159245e+00  -1.1469245e+00
   1.6922435e+00  -1.8778028e+00
  -2.7530370e-01   1.3104889e+00
   5.0170812e-01  -4.3850269e+00
  -3.7461002e+00   8.1815080e-01
   3.1436475e+00  -3.9887328e+00
  -4.2400739e+00  -5.6483372e-01
  -4.7070620e+00   1.6099255e-01
   2.0167646e+00  -3.3825179e+00
   3.4990703e+00  -2.3205357e+00
   5.7713228e-01   1.2842970e+00
   3.5399267e+00  -3.0158392e+00
   1.7394846e+00  -3.5301470e+00
  -1.8559072e-01   1.9327722e+00
   3.2106814e+00  -1.1430322e+00
  -2.4836347e+00  -1.2902548e+00
   2.7268298e+00  -4.7628872e+00
   6.2560064e-01  -2.2850609e+00
   2.1391934e+00   1.3905617e+00
  -4.6225946e+00  -3.0162928e-01
   2.9506678e+00  -1.0902055e+00
   4.8799256e-01   2.4670146e-01
   8.0279506e-01   1.5367443e+00
   1.1358051e+00  -4.0541386e+00
  -4.4768069e+00   6.5398370e-01
  -6.9384530e-01  -5.7056979e+00
   1.0685085e+00  -3.1721212e+00
  -2.3238554e+00  -2.5655747e+00
   9.6568247e-01   1.2708772e+00
  -1.2517136e+00  -1.7575680e-01
   3.3345066e+00  -7.2336875e-01
   3.7772125e+00  -4.6259698e+00
   2.8287963e+00   3.4535332e-02
  -3.7294220e-01  -4.4279634e+00
   3.3924165e-01   2.5628376e+00
  -3.6072905e+00   2.1462365e+00
   6.4417780e-01   3.2417414e+00
  -2.7272550e+00  -7.3140650e-02
   1.5600203e+00   1.4479700e+00
   3.0207242e+00  -6.2796369e+00
  -7.7311355e-01  -1.6677281e+00
   2.1061144e+00   3.8509246e-01
   2.0653283e+00   2.2764616e+00
   3.1962918e+00   9.6073265e-01
  -1.6233650e+00   1.3394421e+00
   2.9284067e+00  -5.2759950e+00
  -3.9306893e+00  -2.1645353e+00
  -1.5972013e+00   2.0412182e+00
  -6.0719280e-01   2.4286942e+00
   2.5857822e+00  -3.0939679e+00
  -1.0260595e+00  -2.2647025e+00
   3.8944014e+00   1.1460277e+00
  -8.1395223e-01   3.4471535e+00
   3.0257346e+00  -3.6643771e+00
   2.8668427e+00  -4.0578379e+00
   2.7906301e+00  -9.2701900e-01
   3.5705722e+00   8.5584984e-01
   1.1347644e+00  -4.3897550e+00
   6.4155931e-01  -2.0568337e+00
   3.7893638e+00  -7.2856051e-01
   1.6123698e+00   1.1460528e+00
   3.9559184e-01   1.6040086e+00
   1.0992946e+00   1.6376961e+00
  -3.9937588e+00   5.9309710e-01
  -2.2184079e+00  -2.5070236e+00
   2.1956155e+00  -5.5235749e+00
  -9.4856794e-02   4.1556496e-01
   2.2946849e+00  -4.3729955e+00
   2.6077815e+00   2.4803456e+00
  -1.7839981e-01  -3.6488125e+00
   3.9905592e+00  -4.2679237e+00
  -1.9854031e+00  -1.9119884e+00
  -2.0292496e+00   4.2996174e-01
  -1.5949469e+00  -6.3340324e-02
  -2.5915181e+00   4.2747778e-01
  -3.0310969e+00  -1.9520605e+00
   3.0352564e+00  -2.2455341e+00
  -8.6731986e-01  -1.4624691e+00
  -3.6913744e+00   8.6607578e-01
  -3.1512504e+00   1.9901107e+00
  -8.1809284e-01   1.2859053e+00
   2.1487394e+00  -5.1906667e+00
  -5.7499377e-01  -7.0357114e-01
   3.5679293e+00  -1.1974256e+00
  -2.3211361e+00   1.5923474e+00
  -2.6179156e+00  -1.1472138e+00
   1.1241406e+00  -2.9948892e+00
   1.1655659e+00  -3.2976871e+00
  -1.4158928e+00  -9.7133796e-01
   1.0987685e+00   2.3561760e+00
  -4.4733297e+00  -7.5889624e-01
   2.0374631e+00   3.9786226e-01
   3.0770759e+00  -6.1002537e+00
   2.1911379e+00  -3.7022524e-01
   5.2701122e-01   1.6647681e+00
   9.2501098e-01   1.5919366e+00
   2.7400738e+00  -1.9405726e-01
   1.7259791e+00   1.2067460e+00
  -2.5428764e-02   2.1957363e+00
   4.2259035e+00  -5.0946369e+00
   3.1096432e+00  -3.2616919e+00
  -2.4083140e+00  -1.2138531e+00
   1.2423822e+00  -4.5355694e+00
   2.5793339e+00   1.2219464e+00
  -1.0806164e+00   1.8073688e+00
  -2.7906363e+00  -1.9871763e+00
   2.3794384e+00   1.3348912e+00
   3.1906733e+00  -1.4276034e+00
   6.0732541e-01  -3.8243120e+00
   6.1897909e-01  -4.8518568e+00
   1.1030498e+00  -1.8303905e+00
  -8.9177722e-01   2.4339261e+00
   1.0326618e+00  -3.1223404e+00
   3.1051223e+00  -3.0706208e+00
  -3.0352177e+00  -2.2869071e+00
   1.4172784e-03  -4.1976149e+00
  -1.7418012e-01   1.9911327e+00
   2.5366539e+00  -4.5641893e+00
  -1.0795856e+00   2.0539114e+00
   2.1620204e+00  -2.1960929e+00
  -4.1685968e+00  -2.5509499e+00
   1.6338622e+00  -1.9993813e+00
  -4.0162846e+00  -3.2815994e+00
  -2.0243759e+00   1.7374438e+00
  -5.5289784e-01  -2.1856008e+00
  -3.8640855e+00  -8.0272043e-01
   2.6603647e+00  -1.6489981e-01
   1.2683293e+00  -6.7527343e-01
   1.5447604e+00   1.6458333e+00
   1.3783662e+00   1.5233459e+00
  -7.7602978e-01   2.6201381e+00
   9.3469161e-01   2.7958410e+00
  -4.1373658e+00   4.8936318e-02
  -3.8850927e-01   3.4569635e+00
   2.1802433e+00   9.9459903e-01
   1.3400856e+00  -8.9958212e-01
   1.3590138e+00  -1.5115063e+00
   6.3727982e-01   2.7924186e+00
   5.1234152e-01   2.9545221e+00
  -1.1463287e+00   1.5792938e+00
   2.7262167e+00  -2.0800938e+00
  -2.6242316e-02  -5.5734137e-02
   2.2953968e+00  -2.3235750e-01
  -1.7332215e+00  -1.5734081e+00
  -1.9159774e+00  -4.0873482e+00
  -2.9947140e+00  -1.8857693e+00
   5.4566914e+00   9.9564463e-01
   2.2558160e+00  -5.3355616e+00
  -4.9375902e+00  -1.1850632e+00
   2.2198670e-01   1.2592075e+00
   9.8929886e-01  -1.7236060e+00
   6.7060635e-01   2.2166494e+00
  -8.3936618e-01   1.1147121e+00
  -1.4539179e+00  -7.5006759e-01
  -2.8916021e+00  -1.2661655e+00
   2.5135960e+00   1.8569902e+00
  -3.0891878e-01  -1.6857428e+00
   2.6871469e+00   1.3943394e+00
   3.0279884e+00   1.4296642e+00
   4.1840699e+00  -2.5385521e+00
  -1.0323692e+00   2.7213653e+00
  -1.1952626e-02  -5.0031585e+00
   2.7314782e+00  -1.3012086e+00
   1.6200954e+00  -7.0739288e+00
   4.3170013e+00  -2.0370926e+00
   8.0205277e-01   1.9856283e+00
   3.5970638e+00   1.2652868e+00
   2.8637415e+00  -1.4925419e+00
  -1.7282366e+00  -7.4620965e-01
   3.3534578e+00  -3.2668452e+00
   2.5106396e+00   3.2875501e+00
   1.5596444e-01   2.0885446e-01
  -1.8182247e+00   2.6452495e+00
  -2.9516826e+00   2.4562203e+00
  -3.2163398e+00   2.0709540e-01
   2.4745180e+00   1.9579771e+00
   2.4893181e+00   1.4398494e+00
  -1.6960608e+00  -6.1441700e-01
   3.1082518e+00  -7.8426838e-01
  -4.1427414e+00  -1.0551080e+00
  -1.7795558e+00   2.8010825e+00
   1.3993207e+00   1.5231179e+00
   3.9448039e-01   2.1543015e+00
   2.7384122e+00  -3.4080485e+00
  -6.5813820e-01   2.5977542e+00
  -1.6886840e+00  -6.1330261e-01
  -6.9089376e-01   1.7577073e+00
   2.1540836e+00  -1.9931748e+00
   9.4159865e-01   3.5913931e-01
   2.9085975e+00   3.2002564e+00
   5.9130249e-01   1.9933443e+00
   2.9671222e+00  -9.4552105e-01
   2.0683633e+00   1.9603598e+00
  -3.3692429e-01  -1.4813705e+00
   4.7411708e-01   2.1627297e+00
   2.3006119e+00  -1.1691324e+00
   5.9724165e-01  -3.4400282e+00
   3.3983410e+00   1.0595919e+00
   3.4734825e+00  -3.6088904e+00
   5.5672774e-01   1.4703955e+00
   5.2186682e-01  -9.9298954e-01
   5.7450725e-01  -2.9987497e+00
  -2.0739737e+00   8.1512347e-01
   6.4598828e-01  -2.7814888e+00
  -1.7826657e-01   2.4451405e+00
   1.6737727e+00  -8.4946706e-01
   2.3168263e+00  -3.6973489e-01
  -9.4842135e-01  -1.8855670e+00
   2.2747733e+00  -3.7047651e+00
   4.9936188e+00  -2.2687982e-01
   1.1376488e+00  -3.0326999e+00
  -1.0795745e+00   2.5108617e+00
   2.9996709e+00   1.4411457e+00
   1.8161325e+00  -1.5082628e+00
   2.5807876e+00   9.9142067e-01
   2.3440176e+00  -1.6561374e+00
   3.0007913e+00  -2.0610208e+00
   4.4771527e-01  -1.2519745e+00
   1.9411846e+00  -1.9982552e+00
  -3.2565565e+00   1.3265272e+00
   2.6261513e+00  -2.1185866e+00
   1.1024284e-01  -1.0860182e+00
   7.5145118e-01   1.7670063e+00
  -4.1462755e+00  -2.0292772e+00
  -7.4622019e-01  -2.3954796e+00
  -5.8912518e-01   2.4012351e+00
   1.8472721e+00  -4.2842536e+00
  -6.7784531e-01  -2.0358476e+00
   3.2020349e+00   1.3327183e+00
   1.1641994e-01   2.3537247e-01
  -7.3539993e-01   1.0610900e+00
  -2.1287528e+00   1.0179539e-03
   2.7005566e+00  -3.0377823e+00
   6.9403295e-01  -4.5070168e+00
  -1.6698290e+00   2.9490248e+00
  -8.9606714e-01   2.6995917e+00
  -3.0432308e+00   1.5403985e+00
   1.0272165e+00   6.9260656e-01
  -4.0063722e+00  -3.2674960e-01
  -1.2673843e+00  -5.3816436e-02
  -3.4897489e+00  -1.8422163e+00
   1.7914136e+00  -5.3339033e+00
  -3.5834040e+00  -2.3908346e+00
  -1.9014574e+00  -1.2952679e+00
  -2.9674526e-01  -1.5476901e+00
   5.6874887e-01   3.1249177e+00
  -6.3538842e-01  -8.1933321e-02
  -2.8209674e+00  -1.1270280e+00
   3.3275517e-01  -2.2064524e+00
  -9.0571154e-01  -4.3412040e+00
  -1.7485963e+00   2.3176979e-01
   3.3198712e+00  -2.9324736e+00
  -3.4191450e+00  -1.1203283e+00
   2.3062517e+00  -6.0109520e+00
  -2.7583105e-01   2.6735019e+00
  -1.2310525e+00  -7.5098512e-01
   1.3913682e+00  -1.6734094e+00
   1.4976450e+00   5.2928686e-01
   1.7646438e+00  -4.8865769e+00
   3.7243148e+00  -5.3002443e+00
  -3.5694885e+00   4.9567965e-01
   1.3972814e+00  -2.0008065e+00
   3.1548667e+00   1.7566682e+00
   2.5816602e+00  -4.7367190e-01
   2.5493822e+00  -5.7054102e-01
  -8.9103184e-02  -3.0746926e+00
   3.3940341e+00   1.8961779e+00
   2.0282303e+00  -3.9770907e+00
  -9.7920370e-01   2.2919838e+00
   3.1950047e+00  -2.6425024e+00
   9.8068608e-02  -2.7904600e+00
   2.6531272e+00   2.6288698e+00
  -1.8795836e+00  -3.1368974e+00
   4.4077793e-01  -4.2029471e+00
  -2.2942664e-01   8.9503372e-01
   2.9612701e-01  -1.9714221e+00
  -8.1399220e-02   1.4859960e+00
  -3.9632402e+00  -3.9056453e-01
   1.8714945e+00   5.7971777e-01
   2.4614204e-01   1.3343666e+00
   3.3641055e+00   1.0650177e-01
   1.5026103e+00  -1.3530635e+00
  -1.0692924e+00  -1.8821401e+00
   6.2913199e-01   1.3236486e+00
   4.0451731e-01  -2.3179162e+00
  -3.1200766e+00  -1.1179042e+00
  -6.0374436e-02   2.3375064e+00
   2.8630727e+00  -7.7276056e-01
   2.0375396e+00  -4.5565398e+00
  -2.1874949e+00  -1.7124920e+00
   1.0126134e+00  -2.7734021e+00
  -2.6224045e+00  -9.2026070e-01
   4.0196531e+00  -7.2229309e-01
  -2.5209943e+00  -1.4105331e+00
   4.8164869e+00   3.9779115e+00
  -2.8035317e-01   2.0736099e+00
   7.6296104e-01  -4.2115519e+00
  -5.1945189e-01   1.6910049e+00
   2.0729316e+00   2.2618615e+00
  -2.5268803e+00   1.3553975e+00
   1.5464629e+00   9.2534001e-01
   1.5208310e+00  -2.5236224e+00
   2.2288363e+00  -7.5387913e+00
   4.5509310e+00  -1.9090480e+00
   1.1760931e+00  -4.4025986e+00
   2.4109558e+00   2.4787014e-01
   1.0262788e+00  -1.0383694e+00
   1.5995037e+00  -6.5034334e+00
  -4.2097883e+00  -2.2221034e+00
   4.0001385e+00  -3.8540103e+00
  -1.2109953e+00   1.9159469e+00
  -4.5634131e-01  -3.4240414e-01
   1.5649577e+00   1.1745574e+00
  -1.7123894e+00  -5.9972389e-01
  -4.1086338e-01   1.2660257e+00
  -2.8556905e+00   4.1569818e-01
   5.4718428e-01   1.5799526e+00
  -1.4731326e+00  -1.8698362e+00
   3.1212249e-01  -2.7040402e+00
   2.1153637e+00  -1.7811161e+00
  -4.0066072e+00  -2.7664979e-01
  -6.5588880e-01   1.2538367e-01
   1.1660232e+00   8.0136058e-01
   2.0775358e+00   2.6518276e+00
   1.3030147e+00  -2.6293072e+00
  -2.7885482e+00   1.8597653e-01
  -3.3165276e+00  -5.9129857e-01
  -2.6952726e+00  -2.3121778e+00
   1.2283089e+00  -3.5356636e+00
  -1.2242194e+00   9.5211433e-01
   2.6799877e+00  -1.6643634e+00
  -1.9859734e+00   2.6346338e+00
  -5.9884771e-01  -3.0101133e+00
  -3.7895595e+00  -1.6009893e+00
   1.4120471e+00  -5.8209392e+00
   2.9490943e+00  -1.0467490e+00
   1.1991380e+00   1.5311982e+00
   1.1985217e-01  -3.3330959e+00
   2.6241996e+00  -1.3791124e+00
  -1.6090528e+00  -1.0755753e+00
   2.3709480e+00  -1.3334169e+00
   1.3791617e-01   2.8656340e-01
   8.3355537e-02  -8.7409198e-01
   6.2382288e-01  -1.7917894e+00
  -4.7115829e-01   2.1603721e+00
  -1.4052279e+00   2.8259054e+00
  -4.2977850e+00  -8.5946476e-01
   2.6680325e+00  -3.1144912e+00
  -4.1540259e+00  -1.0829449e+00
   1.7803607e+00  -5.3427775e+00
  -1.6172473e+00   3.3664264e+00
  -4.4143458e+00  -1.1170980e+00
   9.4659701e-01   1.4973226e+00
   1.8960623e+00  -3.6883356e+00
   3.2652925e+00  -2.7697296e+00
  -9.6781842e-01  -9.0631358e-01
   2.2197336e+00   1.1214074e+00
   4.8750026e+00  -1.4239499e-01
   6.3351991e-01   2.3137431e+00
  -3.4715360e+00  -8.0549245e-01
  -3.2707465e+00   2.7105063e-01
  -1.2284268e+00  -9.5459515e-02
  -6.8801556e-02   2.6034004e+00
   1.3144883e+00  -3.6635048e+00
   4.5051701e-01  -5.5903762e+00
   1.8159439e+00  -3.7815850e+00
   2.3617461e+00  -1.7260430e+00
   2.9126800e+00   3.0754724e+00
  -1.8124309e-02   2.2387546e+00
   1.5969760e+00  -1.2675634e+00
   1.4651970e+00  -1.9386450e+00
  -4.0564792e-01   2.7699544e+00
  -3.7618719e+00  -5.7131760e-01
  -2.5368636e+00  -7.2976448e-01
  -2.9567660e+00   4.6923281e-01
  -7.3734815e-01   2.7041798e+00
  -3.2722971e+00  -7.2579775e-01
   3.8738381e+00   1.8482359e+00
   2.1481007e+00  -2.9480859e+00
   3.4296325e+00  -1.2500472e+00
  -3.6660995e+00  -6.2752593e-01
   1.6658885e+00  -2.8702377e+00
  -6.7562473e-01   2.1997595e+00
   4.0984228e+00  -1.4445110e+00
  -5.7623892e-03   2.0083418e+00
   2.6326627e+00   1.0804756e+00
   5.7550050e-01  -1.0036524e+00
   1.0047261e+00  -1.6243133e+00
  -2.3318781e-01   2.4076839e+00
  -3.8353307e+00  -1.8078524e+00
   1.4506173e+00  -2.5940979e+00
   2.4117854e+00  -2.6663609e-01
   3.5002256e+00   2.1751807e+00
   1.7013881e+00   2.2636531e+00
   5.2222574e+00   7.8388757e-01
   1.3074056e+00  -1.7493781e+00
  -4.3638218e+00  -9.6304659e-02
  -2.6007740e+00  -2.6191733e+00
   1.9069277e+00  -2.7953031e+00
   2.5417546e+00  -3.6931271e+00
   2.1461838e+00  -2.5556854e+00
   1.3713768e+00  -3.1706113e+00
   7.7272892e-01  -2.4898988e+00
  -4.4935933e-01   2.0172684e+00
   2.8491279e+00  -1.6427751e+00
  -5.7440976e-01   2.7611721e+00
   8.9522473e-01   2.0075824e+00
  -2.8967001e+00  -2.9973393e+00
  -7.0291690e-01   2.4262082e+00
   2.8990833e-01  -4.1296317e+00
  -1.0298089e+00   1.5904834e+00
   1.7671964e+00   7.4466234e-01
   1.3082318e+00   2.9132477e+00
   4.3657360e+00  -3.8337540e+00
   4.6205677e+00  -2.6681615e+00
  -3.1408747e+00  -2.6442712e+00
   2.7872313e-01   2.4793904e+00
   3.0563298e+00  -3.2126643e+00
  -2.1951125e+00  -7.2033496e-01
   1.9668328e+00  -2.0239412e+00
  -3.7028040e+00  -1.5151621e+00
   2.9151026e+00  -1.9262822e+00
  -9.2091149e-01   1.2365536e+00
   1.3628641e+00   7.1995238e-01
  -1.3591263e+00  -1.5051467e+00
   7.6304181e-01   2.0790136e+00
  -2.4558842e+00  -2.8987619e+00
  -2.1828635e+00  -2.1094755e+00
  -3.4931776e+00  -1.4685021e-01
   2.6398971e+00   1.9656542e-01
  -3.4432448e+00  -9.5823659e-01
   2.4596063e+00  -2.2763000e+00
   1.0961202e+00   5.7354669e-01
   1.1842438e+00  -4.0136027e+00
  -3.1123550e+00  -2.2344512e+00
   8.5220325e-01   2.7842716e+00
   1.3522072e+00  -1.6465239e+00
  -7.9574485e-01   1.6979611e+00
   1.7167073e+00  -2.3849687e+00
   2.1891160e+00   2.1455046e+00
  -1.4269066e+00  -8.9304217e-01
  -8.8225778e-01   9.4576705e-01
  -1.4386149e+00   1.1116532e+00
   2.4788397e+00  -4.1414675e+00
   3.4706929e+00   2.2304243e+00
   5.6311448e-01  -2.5852244e+00
  -1.5944421e-01   1.2682138e+00
   1.8285919e+00  -3.7192830e+00
   1.6310515e+00  -1.8979556e+00
   1.1786880e+00  -9.8557228e-01
  -2.0990909e+00   1.0617048e+00
   1.5418664e+00  -6.3753997e+00
  -3.2146199e-02  -4.7811577e+00
  -3.0439385e+00   1.1461138e+00
   9.1318706e-02  -9.0591781e-01
   1.4326515e+00   2.3544223e+00
  -2.6637816e+00  -1.1944919e+00
  -1.6573100e+00   2.1434274e+00
   2.4318251e+00   8.1630882e-01
  -1.8726144e+00  -1.2527093e+00
  -1.5023049e+00  -1.7490252e-01
   2.4816931e+00  -1.3762165e+00
   1.1435233e+00  -9.4171020e-01
  -2.4633001e+00  -1.9876296e+00
   7.8264149e-01   2.5779765e+00
  -2.0205359e-01   7.8595813e-01
  -2.0201894e+00  -1.2278926e+00
  -2.6456458e-01   9.0529648e-01
  -1.5996087e+00   2.2764909e+00
   9.6940337e-01  -2.9779089e+00
   3.1367875e-01   2.1357191e-01
  -1.1903218e+00   1.6305386e+00
   5.6585380e+00  -2.1609223e-01
  -3.1629609e+00  -2.1543466e+00
   1.1257380e+00  -1.5454548e+00
   5.8396166e-01   1.0839264e+00
   3.8256477e-01   1.6719123e+00
  -2.1152042e+00  -5.2901914e-01
   2.1734239e+00  -3.8428418e+00
   1.5724712e+00   2.3972122e+00
   2.1443644e+00  -3.0945592e-01
  -3.4195357e+00   1.6517192e+00
   1.3929687e+00   3.2932781e+00
   5.5498307e-03   2.7160959e+00
  -2.6717045e+00  -1.2341814e+00
  -2.9185206e+00  -8.0522021e-01
   1.1997364e+00   8.0060805e-02
  -1.3069412e+00   3.8426675e+00
  -6.2022385e-01   2.2901970e+00
  -1.1465411e+00   1.7521626e+00
   1.9109076e+00   2.4341724e+00
   1.3165102e+00  -6.2677084e-01
  -1.3564760e+00   2.8104826e-01
  -2.7142322e+00  -5.1108261e-01
   5.1934416e+00   6.8194598e-01
   2.2883555e+00  -2.9975756e+00
   2.9086778e+00  -5.0917344e-01
   1.9612009e+00  -3.2801644e+00
   2.5309290e+00  -3.1183900e-01
   9.3878258e-01   1.4673594e+00
   1.6630692e+00   1.7202378e+00
  -1.9718612e+00  -1.1963272e+00
  -5.1103237e+00  -1.6971568e+00
   2.3563869e+00  -5.7570539e+00
  -2.8455429e+00  -4.3662176e-02
   3.8348742e-01  -9.4548471e-01
   1.0740894e+00  -2.1459206e+00
  -2.4487085e+00  -2.8828001e+00
   1.8289387e+00  -4.6536419e+00
  -5.7593615e-01   2.0428575e+00
   1.1052022e+00   2.2729742e+00
  -1.3865988e+00   1.9195871e-01
   1.6465761e+00  -1.9092839e-01
   2.3046082e-01   3.4100535e+00
   1.3405868e+00  -3.0718984e+00
   1.6104240e+00   9.4919814e-01
  -5.9851991e-02   2.6436832e+00
   2.9931048e-01   1.6486724e+00
   6.2567347e-01   3.1816114e+00
  -3.3084441e+00  -7.1700625e-01
   4.0002555e+00  -3.2454128e+00
   1.5611467e+00   4.4284966e-01
   9.1457082e-01   2.2060339e+00
   1.0056180e+00   2.2756786e-01
   1.5995059e+00  -3.4801618e+00
   2.8412014e+00   3.7403126e+00
  -7.3122348e-01   2.9745803e+00
  -1.2769132e-01   1.2415183e+00
  -1.2581503e+00   2.7830890e-01
   7.1665807e-01  -2.4466638e+00
   3.3250547e+00  -3.3254198e+00
  -3.6243931e+00  -7.4465678e-01
   2.9374428e+00  -4.4185605e+00
  -3.9507973e+00  -1.8674771e+00
   2.7979247e+00   1.3741273e+00
